32 30 1

32 30 2

32 30 3

32 30 4

32 30 5

32 30 6

32 30 7

32 30 8

32 30 9

32 30 10

32 30 11

32 30 12

32 30 13

32 30 14

32 30 15

32 30 16

32 30 17

32 30 18

32 30 19

32 30 20

32 30 21

32 30 22

32 30 23

32 30 24

32 30 25

32 30 26

32 30 27

32 30 28

32 30 29

32 30 30

32 30 31

32 30 32

32 30 33

32 30 34

32 30 35

32 30 36

32 30 37

32 30 38

32 30 39

32 30 40

32 30 41

32 30 42

32 30 43

32 30 44

32 30 45

32 30 46

32 30 47

32 30 48

32 30 49

32 30 50

32 30 51

32 30 52

32 30 53

32 30 54

32 30 55

32 30 56

32 30 57

32 30 58

32 30 59

32 30 60

32 30 61

32 30 62

32 30 63

32 30 64

32 30 65

32 30 66

32 30 67

32 30 68

32 30 69

32 30 70

32 30 71

32 30 72

32 30 73

32 30 74

32 30 75

32 30 76

32 30 77

32 30 78

32 30 79

32 30 80

32 30 81

32 30 82

32 30 83

32 30 84

32 30 85

32 30 86

32 30 87

32 30 88

32 30 89

32 30 90

32 30 91

32 30 92

32 30 93

32 30 94

32 30 95

32 30 96

32 30 97

32 30 98

120 30 99

255 30 100

255 30 101

255 30 102

255 30 103

255 30 104

255 30 105

255 30 106

255 30 107

255 30 108

255 30 109

255 30 110

255 30 111

255 30 112

255 30 113

255 30 114

255 30 115

255 30 116

255 30 117

255 30 118

255 30 119

255 30 120

255 30 121

255 30 122

255 30 123

255 30 124

255 30 125

255 30 126

255 30 127

255 30 128

255 30 129

255 30 130

255 30 131

255 30 132

255 30 133

255 30 134

255 30 135

255 30 136

255 30 137

255 30 138

255 30 139

255 30 140

255 30 141

255 30 142

255 30 143

255 30 144

255 30 145

255 30 146

255 30 147

255 30 148

255 30 149

255 30 150

255 30 151

255 30 152

255 30 153

255 30 154

255 30 155

255 30 156

255 30 157

255 30 158

255 30 159

255 30 160

255 30 161

255 30 162

255 30 163

255 30 164

255 30 165

255 30 166

255 30 167

255 30 168

255 30 169

255 30 170

255 30 171

255 30 172

255 30 173

255 30 174

255 30 175

255 30 176

255 30 177

255 30 178

255 30 179

255 30 180

255 30 181

255 30 182

255 30 183

255 30 184

255 30 185

255 30 186

255 30 187

255 30 188

255 30 189

255 30 190

255 30 191

255 30 192

255 30 193

255 30 194

255 30 195

255 30 196

255 30 197

255 30 198

255 30 199

255 30 200

255 30 201

255 30 202

255 30 203

255 30 204

255 30 205

255 30 206

255 30 207

255 30 208

255 30 209

255 30 210

255 30 211

255 30 212

255 30 213

255 30 214

255 30 215

255 30 216

255 30 217

255 30 218

255 30 219

255 30 220

255 30 221

255 30 222

255 30 223

255 30 224

255 30 225

255 30 226

255 30 227

255 30 228

255 30 229

255 30 230

255 30 231

255 30 232

255 30 233

255 30 234

255 30 235

255 30 236

255 30 237

255 30 238

255 30 239

255 30 240

255 30 241

255 30 242

255 30 243

255 30 244

255 30 245

255 30 246

255 30 247

255 30 248

255 30 249

255 30 250

255 30 251

255 30 252

255 30 253

255 30 254

255 30 255

255 30 256

255 30 257

255 30 258

255 30 259

255 30 260

255 30 261

255 30 262

255 30 263

255 30 264

255 30 265

255 30 266

255 30 267

255 30 268

255 30 269

255 30 270

255 30 271

255 30 272

255 30 273

255 30 274

255 30 275

255 30 276

255 30 277

255 30 278

255 30 279

255 30 280

255 30 281

255 30 282

255 30 283

255 30 284

255 30 285

255 30 286

255 30 287

255 30 288

255 30 289

255 30 290

255 30 291

255 30 292

255 30 293

255 30 294

255 30 295

255 30 296

255 30 297

255 30 298

255 30 299

255 30 300

255 30 301

255 30 302

255 30 303

255 30 304

255 30 305

255 30 306

255 30 307

255 30 308

255 30 309

255 30 310

255 30 311

255 30 312

255 30 313

255 30 314

255 30 315

255 30 316

255 30 317

255 30 318

255 30 319

255 30 320

255 30 321

255 30 322

255 30 323

255 30 324

255 30 325

255 30 326

255 30 327

255 30 328

255 30 329

255 30 330

255 30 331

255 30 332

255 30 333

255 30 334

255 30 335

255 30 336

255 30 337

255 30 338

255 30 339

255 30 340

255 30 341

255 30 342

255 30 343

255 30 344

255 30 345

255 30 346

255 30 347

255 30 348

255 30 349

255 30 350

255 30 351

255 30 352

255 30 353

255 30 354

255 30 355

255 30 356

255 30 357

255 30 358

255 30 359

255 30 360

255 30 361

255 30 362

255 30 363

255 30 364

255 30 365

255 30 366

255 30 367

255 30 368

255 30 369

255 30 370

255 30 371

255 30 372

255 30 373

255 30 374

255 30 375

255 30 376

255 30 377

255 30 378

255 30 379

255 30 380

255 30 381

255 30 382

255 30 383

255 30 384

255 30 385

255 30 386

255 30 387

255 30 388

255 30 389

255 30 390

255 30 391

255 30 392

255 30 393

255 30 394

255 30 395

255 30 396

255 30 397

255 30 398

255 30 399

255 30 400

255 30 401

255 30 402

255 30 403

255 30 404

255 30 405

255 30 406

255 30 407

255 30 408

255 30 409

255 30 410

255 30 411

255 30 412

255 30 413

255 30 414

255 30 415

255 30 416

255 30 417

255 30 418

255 30 419

255 30 420

255 30 421

255 30 422

255 30 423

255 30 424

255 30 425

255 30 426

255 30 427

255 30 428

255 30 429

255 30 430

255 30 431

255 30 432

255 30 433

255 30 434

255 30 435

255 30 436

255 30 437

255 30 438

255 30 439

255 30 440

255 30 441

255 30 442

255 30 443

255 30 444

255 30 445

255 30 446

255 30 447

255 30 448

255 30 449

255 30 450

255 30 451

255 30 452

255 30 453

255 30 454

255 30 455

255 30 456

255 30 457

255 30 458

255 30 459

255 30 460

255 30 461

255 30 462

255 30 463

255 30 464

255 30 465

255 30 466

255 30 467

255 30 468

255 30 469

255 30 470

255 30 471

255 30 472

255 30 473

255 30 474

255 30 475

255 30 476

255 30 477

255 30 478

255 30 479

255 30 480

255 30 481

255 30 482

255 30 483

255 30 484

255 30 485

255 30 486

255 30 487

255 30 488

255 30 489

255 30 490

255 30 491

255 30 492

255 30 493

255 30 494

255 30 495

255 30 496

255 30 497

255 30 498

255 30 499

255 30 500

255 30 501

255 30 502

255 30 503

255 30 504

255 30 505

255 30 506

255 30 507

255 30 508

255 30 509

255 30 510

255 30 511

255 30 512

255 30 513

255 30 514

255 30 515

255 30 516

255 30 517

255 30 518

255 30 519

255 30 520

255 30 521

255 30 522

255 30 523

255 30 524

255 30 525

255 30 526

255 30 527

255 30 528

255 30 529

255 30 530

255 30 531

255 30 532

255 30 533

255 30 534

255 30 535

255 30 536

255 30 537

255 30 538

255 30 539

255 30 540

255 30 541

255 30 542

255 30 543

255 30 544

255 30 545

255 30 546

255 30 547

255 30 548

255 30 549

255 30 550

255 30 551

255 30 552

255 30 553

255 30 554

255 30 555

255 30 556

255 30 557

255 30 558

255 30 559

255 30 560

255 30 561

255 30 562

255 30 563

255 30 564

255 30 565

255 30 566

255 30 567

255 30 568

255 30 569

255 30 570

255 30 571

255 30 572

255 30 573

255 30 574

255 30 575

255 30 576

255 30 577

255 30 578

255 30 579

255 30 580

255 30 581

255 30 582

255 30 583

255 30 584

255 30 585

255 30 586

255 30 587

255 30 588

255 30 589

255 30 590

255 30 591

255 30 592

255 30 593

255 30 594

255 30 595

255 30 596

255 30 597

255 30 598

255 30 599

255 30 600

255 30 601

255 30 602

255 30 603

255 30 604

255 30 605

255 30 606

255 30 607

255 30 608

255 30 609

255 30 610

255 30 611

255 30 612

255 30 613

255 30 614

255 30 615

255 30 616

255 30 617

255 30 618

255 30 619

255 30 620

255 30 621

255 30 622

255 30 623

255 30 624

255 30 625

255 30 626

255 30 627

255 30 628

255 30 629

255 30 630

255 30 631

255 30 632

255 30 633

255 30 634

255 30 635

255 30 636

255 30 637

255 30 638

255 30 639

255 30 640

255 30 641

255 30 642

255 30 643

255 30 644

255 30 645

255 30 646

255 30 647

255 30 648

255 30 649

255 30 650

255 30 651

255 30 652

255 30 653

255 30 654

255 30 655

255 30 656

255 30 657

255 30 658

255 30 659

255 30 660

255 30 661

255 30 662

255 30 663

255 30 664

255 30 665

255 30 666

255 30 667

255 30 668

255 30 669

255 30 670

255 30 671

255 30 672

255 30 673

255 30 674

255 30 675

255 30 676

255 30 677

255 30 678

255 30 679

255 30 680

255 30 681

255 30 682

255 30 683

255 30 684

255 30 685

255 30 686

255 30 687

255 30 688

255 30 689

255 30 690

255 30 691

255 30 692

255 30 693

255 30 694

255 30 695

255 30 696

255 30 697

255 30 698

255 30 699

255 30 700

255 30 701

255 30 702

255 30 703

255 30 704

255 30 705

255 30 706

255 30 707

255 30 708

255 30 709

255 30 710

255 30 711

255 30 712

255 30 713

255 30 714

255 30 715

255 30 716

255 30 717

255 30 718

255 30 719

255 30 720

255 30 721

255 30 722

255 30 723

255 30 724

255 30 725

255 30 726

255 30 727

255 30 728

255 30 729

255 30 730

255 30 731

255 30 732

255 30 733

255 30 734

255 30 735

255 30 736

255 30 737

255 30 738

255 30 739

255 30 740

255 30 741

255 30 742

255 30 743

255 30 744

255 30 745

255 30 746

255 30 747

255 30 748

255 30 749

255 30 750

255 30 751

255 30 752

255 30 753

255 30 754

255 30 755

255 30 756

255 30 757

255 30 758

255 30 759

255 30 760

255 30 761

255 30 762

255 30 763

255 30 764

255 30 765

255 30 766

255 30 767

255 30 768

255 30 769

255 30 770

255 30 771

255 30 772

255 30 773

255 30 774

255 30 775

255 30 776

255 30 777

255 30 778

255 30 779

255 30 780

255 30 781

255 30 782

255 30 783

255 30 784

255 30 785

255 30 786

255 30 787

255 30 788

255 30 789

255 30 790

255 30 791

255 30 792

255 30 793

255 30 794

255 30 795

255 30 796

255 30 797

255 30 798

255 30 799

255 30 800

255 30 801

255 30 802

255 30 803

255 30 804

255 30 805

255 30 806

255 30 807

255 30 808

255 30 809

255 30 810

255 30 811

255 30 812

255 30 813

255 30 814

255 30 815

255 30 816

255 30 817

255 30 818

255 30 819

255 30 820

255 30 821

255 30 822

255 30 823

255 30 824

255 30 825

255 30 826

255 30 827

255 30 828

255 30 829

255 30 830

255 30 831

